[bkc]
bootscript_tool_revision = 1.11.0
ipccli_version = 1.2006.1654.600
open_ipc_version = 22.39.12454.600
open_ipc_version_red = 22.39.12454.600
open_ipc_version_green = 22.39.12454.600
open_ipc_version_blacklist = 

